alpha_flat_step: 223
alpha_limit: 2.0487194103824655
dropout_rate: 0.08011820700927277
grad_rev_dropout_rate: 0.0638950143373986
grad_rev_noise: 0.0017202242450814126
lr: 0.001215623797332649
lr_ratio_CR: 1.8547419674415544
lr_ratio_Mutual: 1.030472426682077
lr_ratio_Reconn: 2.989150910561125
lr_ratio_Smooth: 0.6382492944375677
lr_ratio_Style: 1.4544622305065857
lr_ratio_Supervise: 4.794287431290016
sch_factor: 0.15613059182371763
sch_patience: 237
spec_noise: 0.003424113574696386
